CPU
3271
3256
3258
3360
3379
3272
3418
3295
3366
3361
3373
3388
3439
3290
3346
3389
3369
3394
3411
3275
3285
3366
3258
3357
3383
3286
3366
3377
3437
3271
3382
3285
3278
3366
3379
3383
3285
3287
3265
3351
3284
3285
3291
3343
3376
3347
3285
3374
3368
3368
3361
3372
3378
3363
3376
3270
3377
3381
3361
3353
3256
3264
3378
3376
3379
3275
3288
3469
3368
3278
3276
3419
3366
3398
3265
3294
3441
3374
3353
3419
3359
3406
3425
3359
3274
3259
3349
3366
3247
3341
3361
3255
3457
3279
3360
3409
3362
3266
3351
3324
3360
3242
3356
3347
3249
3374
3344
3269
3404
3290
3279
3387
3295
3257
3382
3389
3253
3366
3422
3425
3264
3377
3454
3434
3361
3341
3270
3247
3299
3363
3373
3373
3373
3360
3270
3368
3387
3285
3268
3270
3355
3359
3356
3271
3266
3284
3381
3278
3265
3301
3262
3368
3374
3348
3378
3377
3284
3365
3347
3379
3369
3265
3369
3412
3321
3277
3360
3365
3376
3383
3359
3354
3393
3397
3368
3365
3280
3259
3274
3375
3276
3365
3263
3436
3290
3272
3263
3368
3268
3376
3278
3407
3399
3383
3418
3372
3400
3268
3288
3300
3276
