CPU
628
644
646
646
625
649
759
648
642
653
644
635
644
646
638
645
643
623
628
636
621
625
647
659
646
625
648
625
622
651
624
627
626
620
619
619
629
621
644
621
745
624
655
648
644
640
640
653
643
621
621
641
622
696
741
626
733
646
641
624
622
645
641
616
618
618
609
619
645
627
621
625
623
748
625
620
620
622
623
646
615
625
644
615
620
621
648
642
621
619
644
621
623
620
625
643
645
625
646
624
615
622
634
621
620
614
621
644
645
646
639
616
624
619
646
620
635
644
623
646
642
625
637
621
620
642
626
625
626
624
626
647
628
645
645
625
648
622
618
627
628
626
649
622
644
624
627
623
616
628
647
640
615
627
623
646
652
620
617
621
619
643
623
621
652
621
622
625
622
750
645
639
643
622
617
633
621
639
607
641
647
627
629
622
714
630
623
621
631
627
752
625
619
638
636
613
621
641
626
622
624
