CPU
140
140
143
140
142
158
142
143
142
143
143
145
139
137
141
146
145
141
137
146
141
141
138
137
143
143
140
150
141
140
141
144
143
143
139
142
138
146
138
138
153
143
139
147
145
135
139
139
138
212
142
140
140
139
141
155
143
142
138
141
140
138
139
139
143
140
144
137
144
141
139
145
143
145
145
138
139
139
137
144
152
143
137
140
143
141
139
156
143
138
143
146
144
138
144
139
140
144
138
142
142
139
140
139
145
143
137
142
143
140
146
145
142
145
145
143
140
146
145
145
152
139
141
144
144
142
142
144
142
141
138
140
139
146
144
138
140
138
140
141
137
138
146
150
144
139
142
139
141
141
140
140
141
142
139
142
146
142
141
144
138
144
145
140
143
155
142
141
139
140
140
141
136
140
137
137
240
143
136
139
142
145
144
143
144
160
138
139
145
139
139
139
139
143
140
141
146
136
139
140
144
