CPU
344
356
354
352
351
360
336
343
350
340
335
339
350
340
351
348
462
355
350
340
360
353
352
336
342
339
342
339
340
339
350
339
342
339
350
350
333
350
352
350
339
341
352
344
341
343
337
360
338
340
342
342
355
353
361
340
341
338
341
338
352
336
355
386
350
350
337
338
351
341
337
338
350
350
339
349
463
339
341
334
408
351
338
346
339
342
336
348
351
334
349
353
352
338
340
338
347
342
339
356
341
351
336
341
340
349
350
348
337
349
353
340
339
352
351
352
341
349
351
339
354
353
392
337
343
341
337
341
336
350
354
351
334
348
345
342
340
338
354
350
338
341
347
348
351
350
333
351
349
352
349
347
338
355
343
339
338
351
338
343
338
338
353
339
341
342
343
350
356
342
349
361
340
339
348
349
342
338
341
338
353
349
338
345
340
341
350
341
348
364
363
341
338
341
338
349
341
344
340
352
354
