CPU
232
228
229
227
235
229
230
239
226
228
230
231
229
228
232
231
232
239
228
231
234
229
237
230
229
228
231
230
229
231
229
229
232
232
230
231
229
228
231
228
228
237
229
230
231
232
235
230
231
230
227
238
238
226
238
230
231
229
238
226
231
231
236
229
230
230
237
239
235
231
231
236
230
229
233
237
230
239
229
226
239
227
238
235
227
229
228
231
239
227
230
231
231
242
228
230
227
229
236
228
230
242
231
238
230
235
232
241
230
236
226
230
229
230
233
230
237
229
233
231
228
229
236
228
239
228
237
230
231
230
231
233
229
229
230
230
230
237
230
237
229
228
239
228
228
237
233
230
239
228
236
229
228
238
227
229
226
230
236
230
239
240
228
229
240
230
236
237
230
238
231
236
231
238
228
230
233
227
232
237
237
233
229
227
238
231
230
226
240
240
238
230
240
230
238
239
231
227
228
228
230
