CPU
561
556
577
678
578
569
584
556
572
556
560
559
549
578
557
561
556
557
558
581
558
562
558
555
578
556
558
564
575
559
563
556
562
551
558
560
555
573
559
576
557
573
567
573
561
561
557
547
559
560
578
556
561
547
559
582
557
564
569
557
573
560
555
562
552
560
567
580
561
562
558
557
560
547
556
558
561
560
577
559
577
557
553
553
569
558
551
561
557
554
560
551
562
557
558
559
574
560
560
569
557
555
554
558
560
572
557
560
569
558
555
581
564
568
562
560
559
553
576
565
561
561
559
558
573
554
563
563
555
579
566
559
573
564
551
571
554
562
555
582
559
557
561
560
559
576
580
561
560
560
581
559
560
559
559
563
575
559
562
579
555
572
562
574
565
557
576
553
575
574
567
558
575
558
562
557
576
563
555
560
560
576
558
567
562
555
566
560
560
574
577
556
558
562
559
578
556
562
564
560
560
