GPU
490
488
492
490
491
493
492
487
489
489
492
490
489
491
491
492
492
490
491
490
490
491
488
489
490
490
490
491
488
491
492
491
490
489
490
489
489
490
491
491
488
488
492
489
492
490
489
491
490
491
489
490
490
492
489
490
490
490
490
490
490
491
491
492
491
490
490
491
491
491
491
489
491
491
491
490
492
490
489
492
489
492
490
491
490
488
492
490
490
489
489
490
490
514
490
491
492
490
489
489
490
489
491
491
492
489
489
488
489
491
490
490
490
492
488
489
489
492
490
489
489
487
489
490
489
489
490
489
489
489
490
490
491
490
494
490
490
492
489
489
489
489
492
491
488
490
493
490
490
490
490
489
489
488
492
491
491
489
492
493
492
488
488
489
490
491
489
491
488
490
489
489
491
492
490
492
492
490
488
489
490
491
491
491
490
492
490
492
490
488
492
489
493
490
491
490
490
490
489
488
487
