GPU
201
201
201
202
202
201
201
201
202
203
201
202
201
202
202
202
201
200
202
201
201
202
200
203
202
201
202
202
201
202
202
201
202
202
201
202
202
201
201
200
201
202
201
200
202
201
201
202
202
200
201
202
200
201
202
201
201
201
202
202
201
201
203
202
203
199
201
201
201
201
201
201
202
201
202
201
201
202
202
201
201
201
201
201
203
201
203
202
201
200
201
202
201
201
201
201
202
202
201
202
201
201
201
201
201
201
201
202
201
200
201
201
202
201
202
200
203
202
201
200
202
201
202
201
201
201
202
201
200
201
201
202
202
202
201
202
200
200
202
201
202
201
201
202
202
202
200
202
203
201
201
201
202
201
200
202
201
203
201
202
201
203
202
201
201
201
200
201
202
201
202
201
202
201
201
203
201
201
201
202
202
202
202
200
200
202
202
202
202
202
201
202
202
201
201
201
202
201
202
201
202
