GPU
381
381
382
382
382
382
383
384
381
381
382
379
381
382
382
380
381
381
382
382
380
384
383
382
382
383
382
382
381
385
381
383
383
381
382
383
382
382
381
381
381
383
384
382
383
383
384
382
381
382
382
380
380
381
383
381
381
383
381
381
382
382
381
383
382
382
381
381
381
381
381
383
381
381
381
383
380
382
380
381
381
383
383
381
382
380
383
380
383
382
381
383
383
381
382
382
381
382
382
381
381
381
381
383
383
380
382
385
382
381
383
383
383
382
381
381
381
382
383
381
383
384
383
382
381
381
382
380
383
383
383
381
383
381
384
382
383
383
382
380
383
382
383
381
382
381
384
381
383
382
382
382
382
381
381
381
382
380
382
383
381
383
381
382
382
381
383
382
382
380
384
381
382
383
380
382
381
382
384
381
380
383
382
382
380
383
382
382
382
382
381
382
381
380
383
382
381
383
381
381
381
