GPU
2286
2291
2286
2289
2287
2285
2289
2288
2284
2287
2269
2284
2294
2285
2275
2287
2278
2280
2294
2295
2288
2289
2282
2287
2280
2292
2285
2287
2291
2296
2293
2286
2293
2289
2291
2290
2289
2283
2281
2291
2293
2287
2282
2284
2287
2285
2288
2291
2287
2289
2288
2288
2288
2291
2288
2280
2294
2289
2289
2288
2286
2293
2286
2293
2278
2286
2290
2288
2283
2289
2291
2288
2291
2290
2290
2291
2288
2287
2284
2283
2283
2289
2283
2287
2295
2293
2292
2291
2288
2282
2286
2288
2289
2287
2282
2286
2284
2288
2292
2289
2290
2287
2290
2286
2282
2287
2289
2272
2286
2290
2277
2282
2290
2283
2287
2290
2288
2288
2286
2279
2286
2283
2294
2291
2288
2293
2289
2292
2292
2292
2286
2275
2288
2288
2287
2288
2285
2285
2286
2289
2290
2290
2297
2293
2284
2284
2287
2289
2290
2287
2285
2288
2286
2285
2288
2290
2288
2290
2292
2292
2285
2289
2288
2285
2289
2280
2293
2287
2287
2289
2297
2288
2284
2287
2288
2287
2283
2287
2295
2296
2292
2287
2290
2299
2273
2288
2280
2290
2292
2285
2285
2294
2285
2282
2294
2285
2280
2294
2291
2284
2292
