GPU
1687
1691
1685
1690
1685
1687
1688
1689
1691
1687
1687
1691
1687
1687
1686
1692
1686
1688
1683
1692
1684
1684
1688
1685
1685
1689
1685
1679
1689
1688
1680
1689
1684
1689
1685
1691
1687
1685
1689
1690
1684
1675
1689
1687
1692
1690
1689
1686
1693
1689
1687
1684
1687
1687
1691
1682
1690
1691
1685
1691
1686
1688
1691
1681
1684
1692
1689
1692
1693
1690
1696
1687
1688
1688
1688
1684
1689
1688
1687
1685
1690
1686
1689
1690
1684
1686
1686
1686
1683
1687
1686
1687
1685
1685
1685
1693
1691
1683
1688
1685
1687
1689
1674
1687
1691
1687
1692
1687
1690
1687
1685
1690
1692
1688
1689
1688
1686
1688
1687
1690
1685
1688
1688
1685
1686
1687
1684
1688
1690
1690
1691
1690
1690
1690
1685
1690
1686
1687
1687
1690
1698
1695
1684
1687
1685
1678
1687
1690
1692
1687
1692
1680
1686
1685
1690
1688
1689
1689
1687
1685
1692
1692
1684
1689
1687
1688
1693
1691
1691
1693
1690
1687
1691
1685
1691
1687
1693
1691
1685
1684
1685
1685
1690
1686
1687
1689
1685
1694
1683
1686
1687
1693
1684
1688
1688
1688
1685
1688
1687
1682
1687
